{
    "w": 864,
    "h": 480,
    "fl_x": 1036.8,
    "fl_y": 1036.8,
    "cx": 432.0,
    "cy": 240.0,
    "k1": 0.0,
    "k2": 0.0,
    "p1": 0.0,
    "p2": 0.0,
    "camera_model": "OPENCV",
    "frames": [
        {
            "file_path": "images/frame_00004.png",
            "transform_matrix": [
                [
                    -0.6984486744113101,
                    0.16212275304019078,
                    -0.6970549922063195,
                    -0.7786997276167478
                ],
                [
                    -0.6963703524755123,
                    -0.3785742456539631,
                    0.609712942884324,
                    5.607158010891403
                ],
                [
                    -0.1650387269891934,
                    0.9112616273465057,
                    0.37731215872217044,
                    1.1331185932097334
                ],
                [
                    0.0,
                    0.0,
                    0.0,
                    1.0
                ]
            ],
            "colmap_im_id": 1
        },
        {
            "file_path": "images/frame_00016.png",
            "transform_matrix": [
                [
                    -0.46262323028634933,
                    0.20806695359956953,
                    -0.8617934146993801,
                    -1.6143724999665345
                ],
                [
                    -0.8596433176268209,
                    -0.3429668781319622,
                    0.37866487421461226,
                    4.449039375119029
                ],
                [
                    -0.21677895022113128,
                    0.9160141174262603,
                    0.3375278113234729,
                    0.9812400572823112
                ],
                [
                    0.0,
                    0.0,
                    0.0,
                    1.0
                ]
            ],
            "colmap_im_id": 2
        },
        {
            "file_path": "images/frame_00002.png",
            "transform_matrix": [
                [
                    -0.7291210746010182,
                    0.15553343483260704,
                    -0.6664771633160639,
                    -0.655700395240663
                ],
                [
                    -0.6665884867945171,
                    -0.38202535044242836,
                    0.6400909473600878,
                    5.808811891793611
                ],
                [
                    -0.1550556282295229,
                    0.9109698031595289,
                    0.3822195310104351,
                    1.1740615352003252
                ],
                [
                    0.0,
                    0.0,
                    0.0,
                    1.0
                ]
            ],
            "colmap_im_id": 3
        },
        {
            "file_path": "images/frame_00007.png",
            "transform_matrix": [
                [
                    -0.6387431436883969,
                    0.1717531180239565,
                    -0.7500053752074796,
                    -1.0108693698299724
                ],
                [
                    -0.7471945364144891,
                    -0.3710594528229632,
                    0.5513757405100981,
                    5.283899753754825
                ],
                [
                    -0.1835960815033912,
                    0.9125873924834661,
                    0.3653446727910893,
                    1.0553498301491844
                ],
                [
                    0.0,
                    0.0,
                    0.0,
                    1.0
                ]
            ],
            "colmap_im_id": 4
        },
        {
            "file_path": "images/frame_00005.png",
            "transform_matrix": [
                [
                    -0.6794757445424265,
                    0.165236646781342,
                    -0.7148493289770742,
                    -0.8530324945365948
                ],
                [
                    -0.713452140993117,
                    -0.3761052376559681,
                    0.5912113773601495,
                    5.495340271939778
                ],
                [
                    -0.17116879122916204,
                    0.9117245750599278,
                    0.3734428257992672,
                    1.1028574319604114
                ],
                [
                    0.0,
                    0.0,
                    0.0,
                    1.0
                ]
            ],
            "colmap_im_id": 5
        },
        {
            "file_path": "images/frame_00011.png",
            "transform_matrix": [
                [
                    -0.5615637438386698,
                    0.18789008614084035,
                    -0.805818513770864,
                    -1.312541267238689
                ],
                [
                    -0.8025934028448305,
                    -0.36052382404646505,
                    0.47525403944087474,
                    4.880671604274688
                ],
                [
                    -0.20122124966278257,
                    0.9136300607055906,
                    0.35325645197115224,
                    1.0197500261243617
                ],
                [
                    0.0,
                    0.0,
                    0.0,
                    1.0
                ]
            ],
            "colmap_im_id": 6
        },
        {
            "file_path": "images/frame_00014.png",
            "transform_matrix": [
                [
                    -0.5022706171830482,
                    0.20065720123918912,
                    -0.8411069579461431,
                    -1.5144131494507338
                ],
                [
                    -0.8384433433056833,
                    -0.35093873741094883,
                    0.4169589460016382,
                    4.607725591728628
                ],
                [
                    -0.2115111987128526,
                    0.9146467570462733,
                    0.3445059108981841,
                    1.0049487397775378
                ],
                [
                    0.0,
                    0.0,
                    0.0,
                    1.0
                ]
            ],
            "colmap_im_id": 7
        },
        {
            "file_path": "images/frame_00013.png",
            "transform_matrix": [
                [
                    -0.5222287569568999,
                    0.1965120092834632,
                    -0.8298555028525307,
                    -1.455609469227311
                ],
                [
                    -0.8270399873859825,
                    -0.35408806910986623,
                    0.43660794607821785,
                    4.699392126734841
                ],
                [
                    -0.20804322789229326,
                    0.9143329095692788,
                    0.3474382618635039,
                    1.0093997243550101
                ],
                [
                    0.0,
                    0.0,
                    0.0,
                    1.0
                ]
            ],
            "colmap_im_id": 8
        },
        {
            "file_path": "images/frame_00009.png",
            "transform_matrix": [
                [
                    -0.600619240324163,
                    0.17973575203737358,
                    -0.7790709772491756,
                    -1.1573549006392485
                ],
                [
                    -0.7758304637383847,
                    -0.36652669561416146,
                    0.5135613623878328,
                    5.079779458839165
                ],
                [
                    -0.19324497325392062,
                    0.9128818329015664,
                    0.3595874573318263,
                    1.0362657346431199
                ],
                [
                    0.0,
                    0.0,
                    0.0,
                    1.0
                ]
            ],
            "colmap_im_id": 9
        },
        {
            "file_path": "images/frame_00003.png",
            "transform_matrix": [
                [
                    -0.7144845255838268,
                    0.15921962652995655,
                    -0.6812936028093285,
                    -0.7108886756341697
                ],
                [
                    -0.6812626656127735,
                    -0.38010493651514854,
                    0.6256208258034519,
                    5.709217243353508
                ],
                [
                    -0.15935194741022798,
                    0.9111362948343547,
                    0.3800494824257651,
                    1.1560939250369444
                ],
                [
                    0.0,
                    0.0,
                    0.0,
                    1.0
                ]
            ],
            "colmap_im_id": 10
        },
        {
            "file_path": "images/frame_00001.png",
            "transform_matrix": [
                [
                    -0.7426278953126345,
                    0.15229776865453837,
                    -0.6521573420321009,
                    -0.600291533597051
                ],
                [
                    -0.6527557541965952,
                    -0.3822998545624845,
                    0.654031151066015,
                    5.89342438506411
                ],
                [
                    -0.1497121720728153,
                    0.9114012348380661,
                    0.38331978121261606,
                    1.175941614260154
                ],
                [
                    0.0,
                    0.0,
                    0.0,
                    1.0
                ]
            ],
            "colmap_im_id": 11
        },
        {
            "file_path": "images/frame_00012.png",
            "transform_matrix": [
                [
                    -0.5418351557373109,
                    0.19209821982122738,
                    -0.8182377025954253,
                    -1.3860340272818745
                ],
                [
                    -0.815133642986816,
                    -0.35740507947614636,
                    0.4558714218238426,
                    4.7892788722567285
                ],
                [
                    -0.20487022252676532,
                    0.9139802421858827,
                    0.350240358633423,
                    1.011758279722188
                ],
                [
                    0.0,
                    0.0,
                    0.0,
                    1.0
                ]
            ],
            "colmap_im_id": 12
        },
        {
            "file_path": "images/frame_00006.png",
            "transform_matrix": [
                [
                    -0.6593353391951973,
                    0.16834417404432703,
                    -0.732759953568484,
                    -0.9354307030565522
                ],
                [
                    -0.7305966696929832,
                    -0.37354425312316863,
                    0.5715708155532223,
                    5.391055466453654
                ],
                [
                    -0.17749765272215762,
                    0.9122088193083793,
                    0.3692826197563824,
                    1.0781834966439325
                ],
                [
                    0.0,
                    0.0,
                    0.0,
                    1.0
                ]
            ],
            "colmap_im_id": 13
        },
        {
            "file_path": "images/frame_00008.png",
            "transform_matrix": [
                [
                    -0.6193820331710618,
                    0.17588910535733052,
                    -0.7651332691769975,
                    -1.0835088080163024
                ],
                [
                    -0.762105212443831,
                    -0.3687951360355686,
                    0.5321520391790768,
                    5.182380266033784
                ],
                [
                    -0.18857768200618313,
                    0.9127174646368417,
                    0.36247108518621246,
                    1.0440830048633305
                ],
                [
                    0.0,
                    0.0,
                    0.0,
                    1.0
                ]
            ],
            "colmap_im_id": 14
        },
        {
            "file_path": "images/frame_00015.png",
            "transform_matrix": [
                [
                    -0.48225611692448755,
                    0.2042752407084997,
                    -0.8518806628409865,
                    -1.564115372750931
                ],
                [
                    -0.8493861293881805,
                    -0.3470398694149952,
                    0.39762612117338036,
                    4.523163857327933
                ],
                [
                    -0.21441138237481625,
                    0.9153332480959641,
                    0.3408706558772884,
                    0.9897874451203312
                ],
                [
                    0.0,
                    0.0,
                    0.0,
                    1.0
                ]
            ],
            "colmap_im_id": 15
        },
        {
            "file_path": "images/frame_00010.png",
            "transform_matrix": [
                [
                    -0.5818115424548902,
                    0.18394573273931156,
                    -0.7922495165497163,
                    -1.2313037834960792
                ],
                [
                    -0.7890326900536482,
                    -0.3639411338265374,
                    0.4949487500092895,
                    4.978549273471115
                ],
                [
                    -0.19728847683776485,
                    0.9130776629159495,
                    0.35688434876158776,
                    1.0292485338007995
                ],
                [
                    0.0,
                    0.0,
                    0.0,
                    1.0
                ]
            ],
            "colmap_im_id": 16
        },
        {
            "file_path": "images/frame_00018.png",
            "transform_matrix": [
                [
                    -0.4216932484568931,
                    0.2146302092872003,
                    -0.8809703045320001,
                    -1.723995068558658
                ],
                [
                    -0.8792540076289911,
                    -0.3341918758323823,
                    0.3394527657804411,
                    4.305776766233464
                ],
                [
                    -0.22155630046159913,
                    0.9177416103615257,
                    0.32964092940168005,
                    0.9518613627229059
                ],
                [
                    0.0,
                    0.0,
                    0.0,
                    1.0
                ]
            ],
            "colmap_im_id": 17
        },
        {
            "file_path": "images/frame_00019.png",
            "transform_matrix": [
                [
                    -0.40076800477713037,
                    0.2173608035557266,
                    -0.8900220713131592,
                    -1.7771879230476322
                ],
                [
                    -0.8884666451111548,
                    -0.32932964255722696,
                    0.3196388697546933,
                    4.229134863539768
                ],
                [
                    -0.22363368903608108,
                    0.9188559558552895,
                    0.3251026076754467,
                    0.9304788301692573
                ],
                [
                    0.0,
                    0.0,
                    0.0,
                    1.0
                ]
            ],
            "colmap_im_id": 18
        },
        {
            "file_path": "images/frame_00017.png",
            "transform_matrix": [
                [
                    -0.4425501916801256,
                    0.2116834968279268,
                    -0.8714008406092939,
                    -1.6701331557000758
                ],
                [
                    -0.8696505681744213,
                    -0.3383694415911168,
                    0.3594635033925154,
                    4.380883253450885
                ],
                [
                    -0.21876292445885162,
                    0.916894878471909,
                    0.333836134524401,
                    0.9701825135460256
                ],
                [
                    0.0,
                    0.0,
                    0.0,
                    1.0
                ]
            ],
            "colmap_im_id": 19
        },
        {
            "file_path": "images/frame_00023.png",
            "transform_matrix": [
                [
                    -0.3122163859707223,
                    0.2263803003766709,
                    -0.9226445078862979,
                    -1.9918581899905032
                ],
                [
                    -0.9214571122545605,
                    -0.3084829237130622,
                    0.23612512795746057,
                    3.9180505738820606
                ],
                [
                    -0.23116599794707493,
                    0.9238994779621913,
                    0.30491316143178154,
                    0.8261563214366048
                ],
                [
                    0.0,
                    0.0,
                    0.0,
                    1.0
                ]
            ],
            "colmap_im_id": 20
        },
        {
            "file_path": "images/frame_00020.png",
            "transform_matrix": [
                [
                    -0.37930031647843604,
                    0.22005181762770773,
                    -0.8987260247028013,
                    -1.8309185123377827
                ],
                [
                    -0.8974464336787427,
                    -0.32391217971935027,
                    0.2994508281951571,
                    4.153026619999574
                ],
                [
                    -0.22521360659752424,
                    0.9201402596279555,
                    0.32034471123328107,
                    0.9056587038964972
                ],
                [
                    0.0,
                    0.0,
                    0.0,
                    1.0
                ]
            ],
            "colmap_im_id": 21
        },
        {
            "file_path": "images/frame_00021.png",
            "transform_matrix": [
                [
                    -0.35721163554625673,
                    0.22220001714504942,
                    -0.907208355236606,
                    -1.8840394977533954
                ],
                [
                    -0.9059006123026196,
                    -0.3189694109064018,
                    0.27857242421991746,
                    4.072661830343711
                ],
                [
                    -0.22747291720138224,
                    0.9213499157685765,
                    0.31523071654445467,
                    0.8778976906978462
                ],
                [
                    0.0,
                    0.0,
                    0.0,
                    1.0
                ]
            ],
            "colmap_im_id": 22
        },
        {
            "file_path": "images/frame_00026.png",
            "transform_matrix": [
                [
                    -0.2444189722618449,
                    0.23184412246201797,
                    -0.9415453620927035,
                    -2.126583872425626
                ],
                [
                    -0.9408449697986841,
                    -0.29169356717399125,
                    0.1724111529856042,
                    3.697539636769455
                ],
                [
                    -0.23467021285833578,
                    0.9279887745814218,
                    0.2894248182998381,
                    0.7532819535942058
                ],
                [
                    0.0,
                    0.0,
                    0.0,
                    1.0
                ]
            ],
            "colmap_im_id": 23
        },
        {
            "file_path": "images/frame_00025.png",
            "transform_matrix": [
                [
                    -0.2669909143697261,
                    0.23013741382255865,
                    -0.9358165538197546,
                    -2.0867530855338603
                ],
                [
                    -0.934864657231349,
                    -0.2976145057430467,
                    0.19352952909319604,
                    3.769795453000204
                ],
                [
                    -0.23397419580742168,
                    0.9265324477482623,
                    0.2946077035073656,
                    0.7750350129998788
                ],
                [
                    0.0,
                    0.0,
                    0.0,
                    1.0
                ]
            ],
            "colmap_im_id": 24
        },
        {
            "file_path": "images/frame_00024.png",
            "transform_matrix": [
                [
                    -0.28928878128584423,
                    0.22826378823259647,
                    -0.9296276910698477,
                    -2.0409147585399374
                ],
                [
                    -0.9284875841035044,
                    -0.30315335177597635,
                    0.21449674000466631,
                    3.841434036087116
                ],
                [
                    -0.2328579120145787,
                    0.9251992695028978,
                    0.29963895695238835,
                    0.7981229994846353
                ],
                [
                    0.0,
                    0.0,
                    0.0,
                    1.0
                ]
            ],
            "colmap_im_id": 25
        },
        {
            "file_path": "images/frame_00027.png",
            "transform_matrix": [
                [
                    -0.22226428913421434,
                    0.2335549161898009,
                    -0.946599538822641,
                    -2.1561337631193433
                ],
                [
                    -0.9462504402601164,
                    -0.2856502974799071,
                    0.15170369757252408,
                    3.6216672031241504
                ],
                [
                    -0.2349652954867966,
                    0.9294385448609368,
                    0.2844913025798622,
                    0.7307207810177023
                ],
                [
                    0.0,
                    0.0,
                    0.0,
                    1.0
                ]
            ],
            "colmap_im_id": 26
        },
        {
            "file_path": "images/frame_00030.png",
            "transform_matrix": [
                [
                    -0.15305302417294012,
                    0.23763064259545127,
                    -0.9592217936906927,
                    -2.1886062371843757
                ],
                [
                    -0.9597031091546099,
                    -0.26723316843744677,
                    0.08692741780277419,
                    3.352211531139536
                ],
                [
                    -0.23567926101057826,
                    0.9338726419520791,
                    0.2689557111179305,
                    0.6459362993396376
                ],
                [
                    0.0,
                    0.0,
                    0.0,
                    1.0
                ]
            ],
            "colmap_im_id": 27
        },
        {
            "file_path": "images/frame_00032.png",
            "transform_matrix": [
                [
                    -0.10528394545128703,
                    0.2388096269424185,
                    -0.9653420393362309,
                    -2.1828994132877795
                ],
                [
                    -0.9661238419582464,
                    -0.2545734550108686,
                    0.04239195682752016,
                    3.165124773729843
                ],
                [
                    -0.23562685082572293,
                    0.93710315231753,
                    0.25752217202893496,
                    0.5660472723206227
                ],
                [
                    0.0,
                    0.0,
                    0.0,
                    1.0
                ]
            ],
            "colmap_im_id": 28
        },
        {
            "file_path": "images/frame_00028.png",
            "transform_matrix": [
                [
                    -0.20000040130598676,
                    0.23542285561949797,
                    -0.9510919611317328,
                    -2.174445252986797
                ],
                [
                    -0.9511012434231596,
                    -0.2798494224820817,
                    0.13073150154176758,
                    3.5384660957651652
                ],
                [
                    -0.23538535263767815,
                    0.93073109961385,
                    0.27988096751160046,
                    0.7111346326383781
                ],
                [
                    0.0,
                    0.0,
                    0.0,
                    1.0
                ]
            ],
            "colmap_im_id": 29
        },
        {
            "file_path": "images/frame_00022.png",
            "transform_matrix": [
                [
                    -0.33484020596583514,
                    0.22437892092906794,
                    -0.9151700040492277,
                    -1.9370275097643461
                ],
                [
                    -0.9139001008628727,
                    -0.31388247980024775,
                    0.25741871438820685,
                    3.994780416752789
                ],
                [
                    -0.2294964969484005,
                    0.9225680943524733,
                    0.31016039265395995,
                    0.8515704346121808
                ],
                [
                    0.0,
                    0.0,
                    0.0,
                    1.0
                ]
            ],
            "colmap_im_id": 30
        },
        {
            "file_path": "images/frame_00029.png",
            "transform_matrix": [
                [
                    -0.1765912476026791,
                    0.2368041425792794,
                    -0.9553739212096074,
                    -2.183563317377578
                ],
                [
                    -0.955688253630935,
                    -0.27351543990723465,
                    0.10885433387883801,
                    3.44730649720964
                ],
                [
                    -0.23553236113532874,
                    0.9322623569519709,
                    0.2746113702459767,
                    0.6810968887788496
                ],
                [
                    0.0,
                    0.0,
                    0.0,
                    1.0
                ]
            ],
            "colmap_im_id": 31
        },
        {
            "file_path": "images/frame_00046.png",
            "transform_matrix": [
                [
                    0.25760445607857013,
                    0.23912869129160633,
                    -0.9361930427052038,
                    -1.9836895291011412
                ],
                [
                    -0.9396677747598748,
                    -0.16370476678846382,
                    -0.3003751361357322,
                    1.36593584532215
                ],
                [
                    -0.2250875769257134,
                    0.9570884067482474,
                    0.18253044782121342,
                    0.19997576394806005
                ],
                [
                    0.0,
                    0.0,
                    0.0,
                    1.0
                ]
            ],
            "colmap_im_id": 32
        },
        {
            "file_path": "images/frame_00035.png",
            "transform_matrix": [
                [
                    -0.02937699841388446,
                    0.2419587859431362,
                    -0.9698417076353821,
                    -2.133585884811899
                ],
                [
                    -0.9713721803261383,
                    -0.23573791154848941,
                    -0.029389187590008574,
                    2.8010066008001013
                ],
                [
                    -0.23573943083971916,
                    0.9412138879997896,
                    0.24195730570430202,
                    0.4562875472245908
                ],
                [
                    0.0,
                    0.0,
                    0.0,
                    1.0
                ]
            ],
            "colmap_im_id": 33
        },
        {
            "file_path": "images/frame_00033.png",
            "transform_matrix": [
                [
                    -0.08056116346431484,
                    0.239914501638137,
                    -0.9674455699650497,
                    -2.1734432830190817
                ],
                [
                    -0.9684347917896967,
                    -0.248541213458356,
                    0.019008399824668645,
                    3.0573474950285027
                ],
                [
                    -0.23588970514315047,
                    0.9384392879224379,
                    0.2523643197662959,
                    0.5293701806790362
                ],
                [
                    0.0,
                    0.0,
                    0.0,
                    1.0
                ]
            ],
            "colmap_im_id": 34
        },
        {
            "file_path": "images/frame_00044.png",
            "transform_matrix": [
                [
                    0.2058576647260608,
                    0.2414478795216091,
                    -0.9483277615613975,
                    -2.009328654771534
                ],
                [
                    -0.9512998229426366,
                    -0.17785575352515126,
                    -0.2517855790296749,
                    1.6323118526333726
                ],
                [
                    -0.22945864277215794,
                    0.9539760229756924,
                    0.1930763549600004,
                    0.2298337621508167
                ],
                [
                    0.0,
                    0.0,
                    0.0,
                    1.0
                ]
            ],
            "colmap_im_id": 35
        },
        {
            "file_path": "images/frame_00039.png",
            "transform_matrix": [
                [
                    0.07825319037819593,
                    0.24262467681826524,
                    -0.9669589983005826,
                    -2.0849657361484377
                ],
                [
                    -0.9684483851243273,
                    -0.21170115986735089,
                    -0.13149275364407315,
                    2.290924040175068
                ],
                [
                    -0.23660972834124216,
                    0.9467396078698994,
                    0.218403185289576,
                    0.3102437523384104
                ],
                [
                    0.0,
                    0.0,
                    0.0,
                    1.0
                ]
            ],
            "colmap_im_id": 36
        },
        {
            "file_path": "images/frame_00037.png",
            "transform_matrix": [
                [
                    0.025579502378230975,
                    0.24254449119170338,
                    -0.969803000021468,
                    -2.111820991293186
                ],
                [
                    -0.9711539761079778,
                    -0.2240396615853365,
                    -0.0816467067700415,
                    2.5436444581257613
                ],
                [
                    -0.23707729488027174,
                    0.9439165216422931,
                    0.22981722394756898,
                    0.37496986037393765
                ],
                [
                    0.0,
                    0.0,
                    0.0,
                    1.0
                ]
            ],
            "colmap_im_id": 37
        },
        {
            "file_path": "images/frame_00034.png",
            "transform_matrix": [
                [
                    -0.05568226166303455,
                    0.24090419695019874,
                    -0.9689502843943383,
                    -2.1582647524450125
                ],
                [
                    -0.9702062975939523,
                    -0.24223901751708773,
                    -0.00447196840229758,
                    2.935748599967404
                ],
                [
                    -0.2357948808713294,
                    0.9398326586601126,
                    0.2472151853562796,
                    0.4956353280243762
                ],
                [
                    0.0,
                    0.0,
                    0.0,
                    1.0
                ]
            ],
            "colmap_im_id": 38
        },
        {
            "file_path": "images/frame_00036.png",
            "transform_matrix": [
                [
                    -0.0016510882832881928,
                    0.24227993248691604,
                    -0.9702049825792566,
                    -2.1216438966078206
                ],
                [
                    -0.9715410758222184,
                    -0.2301972481620774,
                    -0.055831576449292895,
                    2.6668638147879773
                ],
                [
                    -0.23686538771565385,
                    0.9425018096814151,
                    0.23576498223775855,
                    0.4138375061559684
                ],
                [
                    0.0,
                    0.0,
                    0.0,
                    1.0
                ]
            ],
            "colmap_im_id": 39
        },
        {
            "file_path": "images/frame_00038.png",
            "transform_matrix": [
                [
                    0.05222288939284989,
                    0.24252343236729845,
                    -0.9687389506860176,
                    -2.101236598369369
                ],
                [
                    -0.9701419344188654,
                    -0.21775149024641557,
                    -0.10681252537734913,
                    2.421023896408553
                ],
                [
                    -0.23684889044596313,
                    0.9453923382639872,
                    0.22391053982844705,
                    0.3415138791038581
                ],
                [
                    0.0,
                    0.0,
                    0.0,
                    1.0
                ]
            ],
            "colmap_im_id": 40
        },
        {
            "file_path": "images/frame_00041.png",
            "transform_matrix": [
                [
                    0.1288939707108577,
                    0.24321092990131712,
                    -0.9613713059431955,
                    -2.055337705730354
                ],
                [
                    -0.963482009542618,
                    -0.19874159651472886,
                    -0.17945527326466512,
                    2.0255489381076233
                ],
                [
                    -0.23470995207299467,
                    0.9493946605028455,
                    0.20871276196385122,
                    0.2726240752597092
                ],
                [
                    0.0,
                    0.0,
                    0.0,
                    1.0
                ]
            ],
            "colmap_im_id": 41
        },
        {
            "file_path": "images/frame_00043.png",
            "transform_matrix": [
                [
                    0.1799436552942509,
                    0.2422213481698306,
                    -0.9533882207213038,
                    -2.024125765635497
                ],
                [
                    -0.9560958693797225,
                    -0.18483361199156842,
                    -0.22741421334908488,
                    1.7659369073268634
                ],
                [
                    -0.23130276581653003,
                    0.9524522845628228,
                    0.19832719469776053,
                    0.24717662619404
                ],
                [
                    0.0,
                    0.0,
                    0.0,
                    1.0
                ]
            ],
            "colmap_im_id": 42
        },
        {
            "file_path": "images/frame_00045.png",
            "transform_matrix": [
                [
                    0.23170476520644387,
                    0.2405912940454962,
                    -0.9425649744235884,
                    -1.9885919078300207
                ],
                [
                    -0.9458703372313476,
                    -0.1706291055432185,
                    -0.27607066756064014,
                    1.4970129239136918
                ],
                [
                    -0.22724921765868183,
                    0.9555111394280209,
                    0.18803259159646293,
                    0.21578031468312292
                ],
                [
                    0.0,
                    0.0,
                    0.0,
                    1.0
                ]
            ],
            "colmap_im_id": 43
        },
        {
            "file_path": "images/frame_00040.png",
            "transform_matrix": [
                [
                    0.10393104798506592,
                    0.24244174065826277,
                    -0.9645829874361859,
                    -2.0715165276577734
                ],
                [
                    -0.9661962952100633,
                    -0.20544796623164918,
                    -0.15574290447280947,
                    2.1559933130011544
                ],
                [
                    -0.23593019388597428,
                    0.9481630321615956,
                    0.21289388919143687,
                    0.287302225957902
                ],
                [
                    0.0,
                    0.0,
                    0.0,
                    1.0
                ]
            ],
            "colmap_im_id": 44
        },
        {
            "file_path": "images/frame_00047.png",
            "transform_matrix": [
                [
                    0.28284941621670073,
                    0.23726304735375825,
                    -0.9293559351003682,
                    -1.9813906342894814
                ],
                [
                    -0.9330140098750466,
                    -0.15664715438750387,
                    -0.3239545128550979,
                    1.2466268191936154
                ],
                [
                    -0.2224433975706132,
                    0.9587324524509985,
                    0.1770621910361902,
                    0.18283152063643818
                ],
                [
                    0.0,
                    0.0,
                    0.0,
                    1.0
                ]
            ],
            "colmap_im_id": 45
        },
        {
            "file_path": "images/frame_00042.png",
